1 4
14 4
23 4
31 4
55 4
55 8
56 6
57 4
59 4
68 4
79 6
80 4
102 4
114 4
122 4
122 6
122 8
123 4
123 6
124 4
124 6
125 4
126 4
136 4
136 6
137 4
137 6
138 4
139 4
155 4
171 6
172 4
174 4
187 4
196 6
197 4
202 6
203 4
247 4
257 4
274 4
284 4
289 4
293 6
294 4
320 6
321 4
345 4
370 4
382 4
384 4
390 4
391 4
406 6
407 4
424 6
425 4
439 12
440 10
441 8
442 6
443 4
466 4
474 4
477 4
490 8
491 6
492 4
515 6
516 4
526 4
541 4
546 6
547 4
557 4
570 4
585 4
593 6
594 4
621 4
638 4
652 4
663 4
674 4
731 4
735 6
736 4
736 8
737 6
738 4
740 4
771 4
843 4
846 4
883 4
883 6
884 4
885 4
